109 107
109 75
109 89
109 96
109 2
109 62
109 50
109 88
109 128
109 47
109 131
109 4
109 36
109 110
109 111
109 80
109 18
109 139
109 125
109 127
109 146
109 148
109 13
109 14
109 44
109 136
109 35
109 21
109 140
109 72
109 94
109 97
109 99
109 119
109 90
109 60
109 124
109 73
109 63
109 55
228 262
228 152
228 236
228 126
228 148
228 13
228 12
228 186
228 44
228 136
228 35
228 97
228 116
228 153
110 88
110 289
110 35
110 63
111 8
111 281
111 35
138 280
138 357
373 295
373 313
373 297
70 252
70 1
70 385
70 384
70 69
70 290
70 348
70 362
70 337
70 169
70 66
70 224
70 226
70 381
70 211
70 254
70 307
70 323
70 207
70 341
70 342
70 71
70 202
70 137
70 106
70 356
70 172
83 7
83 69
83 316
83 229
83 207
83 179
83 233
83 358
58 5
58 103
58 222
58 22
58 40
58 36
58 110
58 154
58 53
58 141
58 18
58 126
58 127
58 357
58 93
58 94
58 98
58 99
58 114
58 115
58 116
58 121
58 26
58 55
205 292
205 334
205 182
205 183
205 165
205 21
205 346
205 106
205 29
93 24
93 306
93 22
93 18
93 350
93 94
93 115
93 116
94 4
218 223
218 50
218 5
218 111
218 164
218 17
218 236
95 2
95 177
95 22
95 255
95 289
95 59
98 92
98 68
99 92
99 166
99 148
99 72
99 129
99 55
112 304
112 305
112 53
112 87
112 14
112 136
112 73
112 192
114 92
115 107
115 279
115 2
115 24
115 223
115 306
115 62
115 244
115 50
115 82
115 363
115 176
115 217
115 250
115 103
115 213
115 128
115 222
115 151
115 77
115 156
115 296
115 197
115 22
115 36
115 110
115 269
115 164
115 8
115 237
115 101
115 18
115 315
115 289
115 17
115 234
115 79
115 236
115 125
115 126
115 146
115 13
115 14
115 368
115 300
115 136
115 68
115 21
115 140
115 72
115 93
115 94
115 218
115 98
115 114
115 116
115 369
115 119
115 370
115 386
115 387
115 26
115 59
115 124
115 63
116 279
116 96
116 143
116 4
116 40
116 227
116 36
116 8
116 141
116 139
116 126
116 281
116 136
116 68
116 94
116 98
116 99
116 369
116 370
116 121
116 256
116 54
116 67
369 131
369 370
117 5
117 103
117 77
117 283
117 55
119 164
119 218
119 370
370 148
370 281
370 218
256 151
256 159
257 200
257 197
257 262
257 159
257 140
257 256
257 30
257 238
179 174
179 242
179 258
179 202
106 31
106 346
356 261
356 316
356 340
356 371
356 358
356 291
219 252
219 311
219 385
219 355
219 337
219 211
219 376
219 371
220 196
358 382
59 279
59 43
59 176
59 213
59 47
59 44
320 326
320 193
391 295
391 52
391 360
391 314
145 46
145 295
145 373
145 64
145 41
145 19
145 314
145 391
282 49
29 216
29 275
29 21
29 185
297 313
51 102
51 113
310 383
310 389
32 39
32 123
32 86
32 142
201 199
201 207
130 74
269 101
269 124
3 43
3 92
3 124
286 301
286 287
287 301
122 23
122 49
154 222
9 8
11 6
11 17
100 47
100 101
100 144
100 12
100 45
101 144
101 12
101 45
262 200
262 160
262 151
262 255
262 186
262 30
262 238
263 200
198 215
211 252
133 151
133 134
133 30
133 129
243 227
243 265
243 134
289 107
289 280
17 107
17 223
17 62
17 50
17 79
17 59
339 334
339 382
340 335
340 261
120 69
120 207
120 341
120 342
120 179
139 53
307 323
79 2
79 62
79 60
236 177
236 156
236 225
125 289
125 95
375 103
375 296
375 387
126 43
127 24
127 306
127 324
241 127
241 324
146 244
146 217
146 197
146 269
146 125
146 44
146 114
146 119
146 386
146 387
146 192
393 300
395 89
395 367
395 353
148 43
157 118
157 119
13 63
14 53
14 139
161 166
161 110
161 152
161 73
161 193
285 269
285 114
15 147
15 237
15 44
293 326
293 336
293 320
293 67
33 36
33 152
12 47
299 345
299 309
300 352
300 393
136 248
240 181
240 249
240 267
240 268
240 173
240 174
240 175
240 162
240 229
240 245
240 214
240 259
240 260
240 191
35 111
364 102
132 28
273 102
207 385
207 341
207 342
341 334
342 341
185 216
214 188
298 331
140 238
397 127
397 324
319 294
319 327
19 130
19 52
19 74
72 87
189 190
189 254
189 251
158 266
137 348
137 224
137 226
137 122
137 220
90 75
206 171
390 357
347 279
288 322
172 335
172 356
172 291
172 155
153 244
276 302
277 302
65 181
65 247
65 268
65 31
65 202
65 260
191 181
191 268
191 260
129 96
129 238
230 155
235 29
231 167
231 227
231 265
231 243
63 217
291 358
251 190
193 67
194 192
325 326
325 320
325 67
195 192
311 384
173 175
173 229
174 175
174 162
174 258
174 191
304 305
304 283
305 283
354 272
36 218
36 119
36 370
57 331
57 38
57 298
164 176
164 250
164 213
182 106
183 182
183 346
183 106
80 139
226 224
208 168
208 184
208 178
208 180
210 168
52 130
76 150
76 37
344 326
344 320
344 67
381 355
237 217
278 394
278 282
105 135
105 65
170 231
242 252
242 174
242 162
242 258
242 191
64 123
10 113
144 45
316 348
316 334
316 382
141 121
84 39
84 123
84 86
84 61
85 39
85 123
85 84
85 86
85 61
86 39
18 82
18 350
56 91
162 258
315 363
113 102
317 284
234 212
234 164
283 305
41 142
42 46
42 41
42 142
328 327
328 329
328 349
329 294
329 327
329 328
329 319
329 349
330 294
330 327
330 328
330 329
330 319
376 334
91 30
388 343
365 290
365 321
365 366
366 290
150 37
221 196
44 128
44 30
34 85
336 320
394 337
68 92
346 380
308 377
232 169
232 189
71 247
71 202
202 247
259 268
260 268
61 123
61 84
396 349
121 40
121 141
386 387
26 22
303 374
314 270
318 312
155 261